GrilleGameOfLife
150 100
83
54 35
55 35
54 36
55 36
64 35
64 36
64 37
65 34
66 33
67 33
65 38
66 39
67 39
68 36
69 34
69 38
70 35
70 36
70 37
71 36
74 35
74 34
74 33
75 35
75 34
75 33
76 32
76 36
78 32
78 31
78 36
78 37
88 33
88 34
89 33
89 34
34 55
34 56
34 57
36 53
37 53
38 53
36 58
37 58
38 58
39 57
39 56
39 55
41 55
41 56
41 57
42 53
43 53
44 53
42 58
43 58
44 58
46 57
46 56
46 55
46 61
46 62
46 63
44 60
43 60
42 60
41 61
41 62
41 63
42 65
43 65
44 65
39 61
39 62
39 63
38 60
37 60
36 60
34 61
34 62
34 63
36 65
37 65
38 65
